0.0526724760535035
0.00959683028905398
0.015439009745916386
0.028726485994343822
0.09460700329250117
0.016524463427432492
0.01758425050843467
0.03906963034082681
0.04903628811218102
0.0008238526205265092
0.007878870541136632
0.03603558386462586
0.020091625238237668
0.05297004483595217
0.06055397575103199
0.00927542669538079
0.00030433562758835865
0.044392163501977694
0.04548186262455278
0.058903576702200436
0.02377089255355457
0.007981213686258933
0.01566768170062111
0.0005531572644765607
0.019944607984916055
0.0008007289745555201
0.004150317318703558
0.0018887040601523399
0.0016992323962409356
0.0020748569528805825
0.0027583083119895758
0.0017121626735779286
0.0010459085833271359
0.0021311467602209587
0.008291648094657905
0.00026489828171053
0.00044023284240015515
0.0019024963559784657
0.0017080680857545474
0.0022169607008141355
0.002447917004515059
0.0009033091747623313
4.1441538865062576e-05
0.0017461046515875353
0.0034874897519470683
0.005654388729004812
0.0008288307773012516
0.00036310373808499187
0.002760657312372463
1.9761773863370973e-05
0.001843081731614983
6.109556041729194e-05
0.006357580311514948
0.16154532502913568
0.005026365158747062
0.0006453932428137775
0.0009052487163628802
0.006282498501111476
0.03810942794578171
